Average: 0.5026044614642731
Variance: 0.08379774760354297
Standard Deviation: 0.28947840610923464